%YAML:1.0
---
image_width: 640
image_height: 480
flags: 0
camera_matrix: !!opencv-matrix
        rows: 3
        cols: 3
        dt: d
        data: [ 2.0744621027315745e+02, 0., 3.3386996658415609e+02,
                0., 2.0848983140822170e+02, 2.3107981497453497e+02,
                0., 0., 1. ]
distortion_coefficients: !!opencv-matrix
        rows: 1
        cols: 4
        dt: d
        data: [ -2.4176302015277325e-02, -1.3197587463556215e-03, -3.3601203844517316e-03, -4.8131472984618825e-04 ]


        model_type: PINHOLE
        camera_name: camera
        image_width: 640
        image_height: 480
        distortion_parameters:
                k1: -2.4176302015277325e-02
                k2: -1.3197587463556215e-03
                p1: -3.3601203844517316e-03
                p2: -4.8131472984618825e-04
        projection_parameters:
                fx: 2.0744621027315745e+02
                fy: 2.0848983140822170e+02
                cx: 3.3386996658415609e+02
                cy: 2.3107981497453497e+02
