%YAML:1.0
---
image_width: 640
image_height: 480
flags: 0
camera_matrix: !!opencv-matrix
        rows: 3
        cols: 3
        dt: d
        data: [ 203.91621974001643, 0., 314.4330907259075,
                0., 204.56903962266315, 226.74016983921072,
                0., 0., 1. ]
distortion_coefficients: !!opencv-matrix
        rows: 1
        cols: 4
        dt: d
        data: [ 0, 0, 0, 0 ]