%YAML:1.0
---
calibration_time: "Fri 30 Oct 2020 01:38:40 CET"
image_width: 640
image_height: 480
flags: 0
camera_matrix: !!opencv-matrix
        rows: 3
        cols: 3
        dt: d
        data: [ 2.2167491654145488e+02, 0., 3.1153633796911498e+02,
                0., 2.2243780385299945e+02, 2.2643808561765985e+02,
                0., 0., 1. ]
distortion_coefficients: !!opencv-matrix
        rows: 1
        cols: 4
        dt: d
        data: [ 2.0960754258790651e-01, -1.6659517595359286e-01, 1.4235044206025208e-03, -2.2870926482878333e-03]